81020312346
76111512343
00210112345
02220212340
15030327414
18221353698
15261442311
35042959933
79032449983
49072197852
57062257417
71112183259
67092145769
55020134668
24091465876
51031211385
54102452917
93041293344
14241942331
25312539578
22102664892
39022563761
01261439493
41011379349
50041325963
44291968946
16263082815
31252741548
84032328976
67082814255
19233177416
09110774285
15240783666
40301078164
45051857393
35071746234
51022214775
05322045469
14050346124
02321849193
69080261657
22101851945
33061783788
92052964645
73061146134
12061054779
09311048484
19080214636
02282384142
41072453851
71012582383
30050771225
18211722169
35100121528
14242625534
37231172523
92112924321
56091623228
09241614476
94092178484
50053036811
28081123731
37243087936
37080942285
41261481618
36262331628
81120365169
56061776442
12050123264
63112676815
95111148723
96071461181
00250712296
64071668235
60121857198
64103194949
34102577986
19220864282
56041837736
10310136957
34271468896
30312818538
27233125421
16222381287
33083132421
50100314372
12120917674
23112415557
32221651518
23070744513
80010165317
21320128298
25260567319
31322842614
94011456282
43083187642
00263044555
18280122325
48051853246
51092041521
28273148568
35252075212
29232835428
16321381342
43251271898
30100177531
42030364181
60090136944
16221359935
43210779218
01231083941
66052933394
64122625961
96081361369
05210817855
03272169778
15071399595
72020118175
44061781157
63040527656
29211168499
43031062894
21320162157
77101093349
18091668599
99091639378
13240993522
82100357675
04211848413
08231131438
44280699358
50122137964
44262262893
96011696657
31321593368
47111919492
70060146486
35282979427
29021731582
40210426294
47300185413
35012063743
54090332127
72112067714
13072848582
30100475585
16310227862
82110769884
74110992779
41222426375
86062678177
30230331496
23012568337
43062927229
51040569411
43260134184
43022188839
10091389667
13092254857
50070311953
01311366469
36220854286
52070487487
71041775237
17091294964
91021934715
15120215537
11111059324
36242157631
10212048332
38013055711
70072096773
45112449682
12042467978
33322374119
91102936748
93070385283
87102869722
55011035165
11270743898
00230985735
67100572523
68121157928
15020727756
46241188433
65032535726
88020548616
50060255197
78013034635
53091113625
20260447946
77082977689
98031097263
03282496387
92030986728
06220979874
30032184546
16123181531
08301299769
08222183174
63122911555
69022182857
23311096322
78032843995
35290531675
26242736385
32270117667
71062335139
40051928137
84070696651
98082786811
45241863496
19040684754
45220321311
72032399968
37090469444
25271296316
17251585323
39010173187
37051367693
75053082617
25222731695
55042298698
27050257626
09111258478
14071932533
94020287273
55072012857
35272739895
96071453524
31020465892
32242324963
28011468336
16092568214
32021043472
40231932879
95050756551
21240382842
85030524241
23230536961
26250756445
49072577779
52010638962
75043071438
46052431559
38090683889
72103059476
01211333662
50080353729
35242191265
03240648782
30230889364
92071347377
35220347253
46230718823
25211387124
15042998561
10262327997
69021096186
22301891653
39043063538
19291271538
20020738969
92031867862
44011059282
71120628148
98060935277
38221378772
60050779329
32290799315
89030379412
09323043983
14251361663
32252462848
28232653339
10010623193
01280687714
57122531156
14090454188
09212175162
02310665214
70090649418
73102587841
95022199511
61112167975
30282269383
46302818446
06290522673
76080314278
92122598749
28231078117
81020266269
18211884685
39220292582
12080437142
41271746231
82111872817
22261811874
21081012861
04323127235
26051138541
00321652597
13041767472
52022682687
13112632487
59032083938
95122225929
40092712311
30092023836
81070999685
32122215419
19272412877
98082647295
56090531681
00320171284
78121025851
92041187372
44232675542
40260599122
35301646826
37030228427
82022533683
51030815443
42122334441
72090787556
19211541235
37231088198
11032614273
18321311383
59050612635
69030193632
20291816359
38231459287
25322214355
16260537448
18251234958
23271631256
10261237598
27312622456
11222876661
72022633957
16051184543
50051861271
18241483351
17122817588
77122111433
45071993871
40231286329
40232992876
03213045538
58040455294
92100344289
45060514375
09302451516
42242771191
89081884976
46030578555
82061458491
22022664754
70042336841
17261236886
92010135137
09242311778
16112969591
77041062616
51092729881
44073159177
47281432786
47082856664
58122668736
36081125752
08292842474
04251692665
18051563524
22080145134
13110448446
21032652784
20020864596
36083016829
13222661434
55050218536
31322814266
91103067232
13251018841
18090751795
22012278356
36071933154
83030244396
11080583891
12041041474
10323112238
33070358269
07291086249
01211445442
29042796814
55072393327
85062858468
77062545879
25252784528
13062954532
35221946741
97070254642
40071619983
01322393496
76020162356
77011547143
17272295296
33301767994
09102913447
55042371135
05250833141
35082064925
49122091659
79060216289
84102195222
20322664315
84042559841
23301314463
27031728873
31270637449
78103032345
59102639115
95030191844
34322574936
26252923995
15262875822
32220227914
38092199874
72021076876
38313084213
24012937219
30120971274
08210173561
33041286616
12282622517
61070348535
47231689978
19300626722
91071574998
39072083262
18292012546
23302649252
46021148419
40272547636
22112375995
40030448595
50052686635
59072745115
44061114935
09281211349
51091296816
65071712474
19232124914
81031793123
30100791564
71121712343
92122046761
30072423221
66020114132
44310313148
28222189697
91102435667
78092034597
51070442216
24112537542
93013183417
79122417335
62081363434
26250721557
88091049649
58101028922
38212436469
18210452366
45101152816
16241484532
45021713632
55061498916
31080953225
07261032667
20311317862
71062762225
55031493222
18302644352
73071097189
06251721282
32252919456
51111958582
16020121786
19042254786
13312248644
39272187115
26310681212
15210834789
17320313228
13291951485
29262248326
87103131749
12290127565
51021158867
88112763321
67122518347
82010632871
38281359599
80061782941